21475081717
21475081897
21475082097
21475082277
21475082477
21475082657
21475082857
21475083037
21475083237
21475083417
21475083617
21475083797
21475083997
21475084177
21475084377
21475084557
21475084757
21475084937
21475085137
21475085317
21475085517
21475085697
21475085897
21475086077
21475086277
21475086457
21475086657
21475086837
21475087037
21475087217
21475087417
21475087597
21475087797
21475087977
21475088177
21475088357
21475088557
21475088737
21475088937
21475089117
21475089317
21475089497
21475089697
21475089877
21475090077
21475090257
21475090457
21475090637
21475090837
21475091017
21475091217
21475091397
21475091597
21475091777
21475091977
21475092157
21475092357
21475092537
21475092737
21475092917
21475093117
21475093297
21475093497
21475093677
21475093877
21475094057
21475094257
21475094437
21475094637
21475094817
21475095017
21475095197
21475095397
21475095577
21475095777
21475095957
21475096157
21475096337
21475096537
21475096717
21475096917
21475097097
21475097297
21475097477
21475097677
21475097857
21475098057
21475098237
21475098437
21475098617
21475098817
21475098997
21475099197
21475099377
21475099577
21475099757
21475099957
21475100137
21475100337
21475100517
21475100717
21475100897
21475101097
21475101277
21475101477
21475101657
21475101857
21475102037
21475102237
21475102417
21475102617
21475102797
21475102997
21475103177
21475103377
21475103557
21475103757
21475103937
21475104137
21475104317
21475104517
21475104697
21475104897
21475105077
21475105277
21475105457
21475105657
21475105837
21475106037
21475106217
21475106417
21475106597
21475106797
21475106977
21475107177
21475107357
21475107557
21475107737
21475107937
21475108117
21475108317
21475108497
21475108697
21475108877
21475109077
21475109257
21475109457
21475109637
21475109837
21475110017
21475110217
21475110397
21475110597
21475110777
21475110977
21475111157
21475111357
21475111537
21475111737
21475111917
21475112117
21475112297
21475112497
21475112677
21475112877
21475113057
21475113257
21475113437
21475113637
21475113817
21475114017
21475114197
21475114397
21475114577
21475114777
21475114957
21475115157
21475115337
21475115537
21475115717
21475115917
21475116097
21475116297
21475116477
21475116677
21475116857
21475117057
21475117237
21475117437
21475117617
21475117817
21475117997
21475118197
21475118377
21475118577
21475118757
21475118957
21475119137
21475119337
21475119517
21475119717
21475119897
21475120097
21475120277
21475120477
21475120657
21475120857
21475121037
21475121237
21475121417
21475121617
21475121797
21475121997
21475122177
21475122377
21475122557
21475122757
21475122937
21475123137
21475123317
21475123517
21475123697
21475123897
21475124077
21475124277
21475124457
21475124657
21475124837
21475125037
21475125217
21475125417
21475125597
21475125797
21475125977
21475126177
21475126357
21475126557
21475126737
21475126937
21475127117
21475127317
21475127497
21475127697
21475127877
21475128077
21475128257
21475128457
21475128637
21475128837
21475129017
21475129217
21475129397
21475129597
21475129777
21475129977
21475130157
21475130357
21475130537
21475130737
21475130917
21475131117
21475131297
21475131497
21475131677
21475131877
21475132057
21475132257
21475132437
21475132637
21475132817
21475133017
21475133197
21475133397
21475133577
21475133777
21475133957
21475134157
21475134337
21475134537
21475134717
21475134917
21475135097
21475135297
21475135477
21475135677
21475135857
21475136057
21475136237
21475136437
21475136617
21475136817
21475136997
21475137197
21475137377
21475137577
21475137757
21475137957
21475138137
21475138337
21475138517
21475138717
21475138897
21475139097
21475139277
21475139477
21475139657
21475139857
21475140037
21475140237
21475140417
21475140617
21475140797
21475140997
21475141177
21475141377
21475141557
21475141757
21475141937
21475142137
21475142317
21475142517
21475142697
21475142897
21475143077
21475143277
21475143457
21475143657
21475143837
21475144037
21475144217
21475144417
21475144597
21475144797
21475144977
21475145177
21475145357
21475145557
21475145737
21475145937
21475146117
21475146317
21475146497
21475146697
21475146877
21475147077
21475147257
21475147457
21475147637
21475147837
21475148017
21475148217
21475148397
21475148597
21475148777
21475148977
21475149157
21475149357
21475149537
21475149737
21475149917
21475150117
21475150297
21475150497
21475150677
21475150877
21475151057
21475151257
21475151437
21475151637
21475151817
21475152017
21475152197
21475152397
21475152577
21475152777
21475152957
21475153157
21475153337
21475153537
21475153717
21475153917
21475154097
21475154297
21475154477
21475154677
21475154857
21475155057
21475155237
21475155437
21475155617
21475155817
21475155997
21475156197
21475156377
21475156577
21475156757
21475156957
21475157137
21475157337
21475157517
21475157717
21475157897
21475158097
21475158277
21475158477
21475158657
21475158857
21475159037
21475159237
21475159417
21475159617
21475159797
21475159997
21475160177
21475160377
21475160557
21475160757
21475160937
21475161137
21475161317
21475161517
21475161697
21475161897
21475162077
21475162277
21475162457
21475162657
21475162837
21475163037
21475163217
21475163417
21475163597
21475163797
21475163977
21475164177
21475164357
21475164557
21475164737
21475164937
21475165117
21475165317
21475165497
21475165697
21475165877
21475166077
21475166257
21475166457
21475166637
21475166837
21475167017
21475167217
21475167397
21475167597
21475167777
21475167977
21475168157
21475168357
21475168537
21475168737
21475168917
21475169117
21475169297
21475169497
21475169677
21475169877
21475170057
21475170257
21475170437
21475170637
21475170817
21475171017
21475171197
21475171397
21475171577
21475171777
21475171957
21475172157
21475172337
21475172537
21475172717
21475172917
21475173097
21475173297
21475173477
21475173677
21475173857
21475174057
21475174237
21475174437
21475174617
21475174817
21475174997
21475175197
21475175377
21475175577
21475175757
21475175957
21475176137
21475176337
21475176517
21475176717
21475176897
21475177097
21475177277
21475177477
21475177657
21475177857
21475178037
21475178237
21475178417
21475178617
21475178797
21475178997
21475179177
21475179377
21475179557
21475179757
21475179937
21475180137
21475180317
21475180517
21475180697
21475180897
21475181077
21475181277
21475181457
21475181657
21475181837
21475182037
21475182217
21475182417
21475182597
21475182797
21475182977
21475183177
21475183357
21475183557
21475183737
21475183937
21475184117
21475184317
21475184497
21475184697
21475184877
21475185077
21475185257
21475185457
21475185637
21475185837
21475186017
21475186217
21475186397
21475186597
21475186777
21475186977
21475187157
21475187357
21475187537
21475187737
21475187917
21475188117
21475188297
21475188497
21475188677
21475188877
21475189057
21475189257
21475189437
21475189637
21475189817
21475190017
21475190197
21475190397
21475190577
21475190777
21475190957
21475191157
21475191337
21475191537
21475191717
21475191917
21475192097
21475192297
21475192477
21475192677
21475192857
21475193057
21475193237
21475193437
21475193617
21475193817
21475193997
21475194197
21475194377
21475194577
21475194757
21475194957
21475195137
21475195337
21475195517
21475195717
21475195897
21475196097
21475196277
21475196477
21475196657
21475196857
21475197037
21475197237
21475197417
21475197617
21475197797
21475197997
21475198177
21475198377
21475198557
21475198757
21475198937
21475199137
21475199317
21475199517
21475199697
21475199897
21475200077
21475200277
21475200457
21475200657
21475200837
21475201037
21475201217
21475201417
21475201597
21475201797
21475201977
21475202177
21475202357
21475202557
21475202737
21475202937
21475203117
21475203317
21475203497
21475203697
21475203877
21475204077
21475204257
21475204457
21475204637
21475204837
21475205017
21475205217
21475205397
21475205597
21475205777
21475205977
21475206157
21475206357
21475206537
21475206737
21475206917
21475207117
21475207297
21475207497
21475207677
21475207877
21475208057
21475208257
21475208437
21475208637
21475208817
21475209017
21475209197
21475209397
21475209577
21475209777
21475209957
21475210157
21475210337
21475210537
21475210717
21475210917
21475211097
21475211297
21475211477
21475211677
21475211857
21475212057
21475212237
21475212437
21475212617
21475212817
21475212997
21475213197
21475213377
21475213577
21475213757
21475213957
21475214137
21475214337
21475214517
21475214717
21475214897
21475215097
21475215277
21475215477
21475215657
21475215857
21475216037
21475216237
21475216417
21475216617
21475216797
21475216997
21475217177
21475217377
21475217557
21475217757
21475217937
21475218137
21475218317
21475218517
21475218697
21475218897
21475219077
21475219277
21475219457
21475219657
21475219837
21475220037
21475220217
21475220417
21475220597
21475220797
21475220977
21475221177
21475221357
21475221557
21475221737
21475221937
21475222117
21475222317
21475222497
21475222697
21475222877
21475223077
21475223257
21475223457
21475223637
21475223837
21475224017
21475224217
21475224397
21475224597
21475224777
21475224977
21475225157
21475225357
21475225537
21475225737
21475225917
21475226117
21475226297
21475226497
21475226677
21475226877
21475227057
21475227257
21475227437
21475227637
21475227817
21475228017
21475228197
21475228397
21475228577
21475228777
21475228957
21475229157
21475229337
21475229537
21475229717
21475229917
21475230097
21475230297
21475230477
21475230677
21475230857
21475231057
21475231237
21475231437
21475231617
21475231817
21475231997
21475232197
21475232377
21475232577
21475232757
21475232957
21475233137
21475233337
21475233517
21475233717
21475233897
21475234097
21475234277
21475234477
21475234657
21475234857
21475235037
21475235237
21475235417
21475235617
21475235797
21475235997
21475236177
21475236377
21475236557
21475236757
21475236937
21475237137
21475237317
21475237517
21475237697
21475237897
21475238077
21475238277
21475238457
21475238657
21475238837
21475239037
21475239217
21475239417
21475239597
21475239797
21475239977
21475240177
21475240357
21475240557
21475240737
21475240937
21475241117
21475241317
21475241497
21475241697
21475241877
21475242077
21475242257
21475242457
21475242637
21475242837
21475243017
21475243217
21475243397
21475243597
21475243777
21475243977
21475244157
21475244357
21475244537
21475244737
21475244917
21475245117
21475245297
21475245497
21475245677
21475245877
21475246057
21475246257
21475246437
21475246637
21475246817
21475247017
21475247197
21475247397
21475247577
21475247777
21475247957
21475248157
21475248337
21475248537
21475248717
21475248917
21475249097
21475249297
21475249477
21475249677
21475249857
21475250057
21475250237
21475250437
21475250617
21475250817
21475250997
21475251197
21475251377
21475251577
21475251757
21475251957
21475252137
21475252337
21475252517
21475252717
21475252897
21475253097
21475253277
21475253477
21475253657
21475253857
21475254037
21475254237
21475254417
21475254617
21475254797
21475254997
21475255177
21475255377
21475255557
21475255757
21475255937
21475256137
21475256317
21475256517
21475256697
21475256897
21475257077
21475257277
21475257457
21475257657
21475257837
21475258037
21475258217
21475258417
21475258597
21475258797
21475258977
21475259177
21475259357
21475259557
21475259737
21475259937
21475260117
21475260317
21475260497
21475260697
21475260877
21475261077
21475261257
21475261457
21475261637
21475261837
21475262017
21475262217
21475262397
21475262597
21475262777
21475262977
21475263157
21475263357
21475263537
21475263737
21475263917
21475264117
21475264297
21475264497
21475264677
21475264877
21475265057
21475265257
21475265437
21475265637
21475265817
21475266017
21475266197
21475266397
21475266577
21475266777
21475266957
21475267157
21475267337
21475267537
21475267717
21475267917
21475268097
21475268297
21475268477
21475268677
21475268857
21475269057
21475269237
21475269437
21475269617
21475269817
21475269997
21475270197
21475270377
21475270577
21475270757
21475270957
21475271137
21475271337
21475271517
21475271717
21475271897
21475272097
21475272277
21475272477
21475272657
21475272857
21475273037
21475273237
21475273417
21475273617
21475273797
21475273997
21475274177
21475274377
21475274557
21475274757
21475274937
21475275137
21475275317
21475275517
21475275697
21475275897
21475276077
